0 0.06875 0.42265625 0.13671875 0.19296875
0 0.21640625 0.4046875 0.1265625 0.19453125
0 0.4265625 0.4515625 0.09921875 0.153125
0 0.35 0.44921875 0.04609375 0.1515625
0 0.30859375 0.41796875 0.034375 0.071875
0 0.4 0.4234375 0.10859375 0.240625
0 0.54765625 0.4234375 0.06640625 0.059375
0 0.5296875 0.484375 0.096875 0.1125
0 0.64609375 0.3828125 0.046875 0.0359375
0 0.64453125 0.43671875 0.0265625 0.0375
0 0.64375 0.475 0.025 0.01875
0 0.9109375 0.378125 0.06953125 0.3125
0 0.78828125 0.4359375 0.215625 0.17421875