0 0.657130165625 0.3975176109375 0.6535555640624999 0.0905736328125 0.415982278125 0.1476014765625 0.41852553906249995 0.1509560546875 0.4212064890625 0.41093592812499996 0.657130165625 0.3975176109375
0 0.157579653125 0.191211003125 0.08255955625 0.20966118749999998 0.076257478125 0.43777255937500004 0.154898703125 0.42603153281250006 0.157579653125 0.191211003125
0 0.2737541921875 0.5635692718749999 0.23630944375000001 0.5618919828125 0.232646278125 0.674270378125 0.2728605421875 0.6776249578125 0.2737541921875 0.5635692718749999
0 0.7386782640625 0.0150956046875 0.74113329375 0.5149278765624999 0.9136077984375 0.5065414296874999 0.908245896875 0.080509896875 0.7386782640625 0.0150956046875
0 0.5847444921875 0.568601140625 0.5670504828125 0.5635692718749999 0.5668714875 0.605501509375 0.5838508421874999 0.610533378125 0.5847444921875 0.568601140625
0 0.6044047984375001 0.5652465609374999 0.5867161656250001 0.5652465609374999 0.5838508421874999 0.610533378125 0.6035111484375 0.610533378125 0.6044047984375001 0.5652465609374999
0 0.616915903125 0.6021469296874999 0.6178095531250001 0.5971150625 0.6240651046875 0.59208319375 0.6258524046875 0.568601140625 0.60638185 0.56692385 0.6079793984374999 0.605501509375 0.6124476515625 0.605501509375 0.616915903125 0.6021469296874999
0 0.6338952578125 0.5937604828125 0.6338952578125 0.598792353125 0.6365762078125 0.6038242203124999 0.6446190609375 0.6038242203124999 0.6437254109375 0.568601140625 0.6287292171875001 0.56692385 0.6258524046875 0.5820194562500001 0.63121430625 0.585374034375 0.6338952578125 0.5937604828125
0 0.66696031875 0.5702784296875001 0.6473000125 0.568601140625 0.6464063624999999 0.6088560890625 0.6651730171875 0.610533378125 0.66696031875 0.5702784296875001
0 0.1495368015625 0.6407245890625 0.12099702812499999 0.63401543125 0.119152690625 0.6876886953125 0.1477495 0.694397853125 0.1495368015625 0.6407245890625
0 0.16204790625 0.6323381421875001 0.1665856578125 0.63401543125 0.16562250625 0.69775243125 0.1977939171875 0.694397853125 0.1915383640625 0.6323381421875001 0.16204790625 0.6323381421875001
0 0.176346309375 0.578664878125 0.176346309375 0.5467963765625 0.11233677500000001 0.5500000921875 0.11468444062500001 0.5769875890625 0.176346309375 0.578664878125