0 0.76640625 0.15390625 0.1953125 0.21640625
0 0.7890625 0.34140625 0.2015625 0.1921875
0 0.740625 0.5953125 0.13515625 0.09453125
0 0.95859375 0.61328125 0.08203125 0.259375
0 0.5328125 0.340625 0.096875 0.1046875
0 0.6328125 0.2390625 0.12421875 0.12734375
0 0.6375 0.403125 0.115625 0.1546875
0 0.5390625 0.48203125 0.1 0.14921875
0 0.41484375 0.6140625 0.12890625 0.1203125
0 0.3109375 0.65390625 0.028125 0.07734375
0 0.3375 0.64375 0.025 0.06484375
0 0.23828125 0.72578125 0.0609375 0.0484375
0 0.0421875 0.6484375 0.08203125 0.0859375
0 0.07109375 0.678125 0.059375 0.084375