0 0.93125 0.42265625 0.13671875 0.19296875
0 0.78359375 0.4046875 0.1265625 0.19453125
0 0.5734375 0.4515625 0.09921875 0.153125
0 0.65 0.44921875 0.04609375 0.1515625
0 0.69140625 0.41796875 0.034375 0.071875
0 0.6 0.4234375 0.10859375 0.240625
0 0.45234375 0.4234375 0.06640625 0.059375
0 0.4703125 0.484375 0.096875 0.1125
0 0.35390625 0.3828125 0.046875 0.0359375
0 0.35546875 0.43671875 0.0265625 0.0375
0 0.35625 0.475 0.025 0.01875
0 0.0890625 0.378125 0.06953125 0.3125
0 0.21171875 0.4359375 0.215625 0.17421875